family	MutagenConcentration	HeatShockTime	AllHsCases	HatchedHsCases	AllHsControls	HatchedHsControls	DecreaseInHatchedDuetoHeatShock
1x1	0	30	242	140	146	67	1.261
1x1	1.5	30	334	184	244	48	2.8
1x1	2	30	185	93	176	38	2.328
1x1	0	40	229	161	146	67	1.532
1x1	1.5	40	200	25	244	48	0.635
1x1	2	40	147	11	176	38	0.347
1x1	0	50	283	5	146	67	0.039
1x1	1.5	50	218	107	244	48	2.495
1x1	2	50	108	19	176	38	0.815
1x2	0	30	222	118	63	34	0.985
1x2	1.5	30	208	51	92	43	0.525
1x2	2	30	116	39	158	85	0.625
1x2	0	40	56	38	63	34	1.257
1x2	1.5	40	215	35	92	43	0.348
1x2	2	40	157	2	158	85	0.024
1x2	0	50	215	22	63	34	0.19
1x2	1.5	50	148	4	92	43	0.058
1x2	2	50	88	1	158	85	0.021
2x1	0	30	236	162	231	221	0.718
2x1	1.5	30	173	115	198	175	0.752
2x1	2	30	183	45	127	47	0.664
2x1	0	40	4	2	231	221	0.523
2x1	1.5	40	258	143	198	175	0.627
2x1	2	40	99	0	127	47	0
2x1	0	50	341	228	231	221	0.699
2x1	1.5	50	262	121	198	175	0.523
2x1	2	50	123	18	127	47	0.395
2x2	0	30	196	99	155	150	0.522
2x2	1.5	30	103	65	64	58	0.696
2x2	2	30	89	23	151	107	0.365
2x2	0	40	127	92	155	150	0.749
2x2	1.5	40	190	44	64	58	0.256
2x2	2	40	158	1	151	107	0.009
2x2	0	50	254	142	155	150	0.578
2x2	1.5	50	119	10	64	58	0.093
2x2	2	50	102	10	151	107	0.138
